  0   0   0   0   0   0   0   0   0   0   0   0   0   0   0   0
  0   0   0   0   0   0   0   0   0   0   0   0   0   0   0   0
  0   0   0   0   0   0   0   0   0   0   0   0   0   0   0   0
  0   0   0 110 167 167 167 167 167 167 167 167 167  78   0   0
  0   0   0 167 255 255 255 255 255 255 255 255 255 120   0   0
  0   0   0 167 255 255 255 255 255 255 255 255 255 120   0   0
  0   0   0 167 255 255 255 254 255 255 255 255 255 120   0   0
  0   0   0 167 255 253 255 252 255 255 255 255 255 120   0   0
  0   0   0 167 255 187 195 253 189 234 122 254 255 120   0   0
  0   0   0 167 255 151 238 216 180 244 209 255 255 120   0   0
  0   0   0 167 255 252 255 253 253 255 255 255 255 120   0   0
  0   0   0 167 255 255 255 255 255 255 255 255 255 120   0   0
  0   0   0 167 255 255 255 255 255 255 255 255 255 120   0   0
  0   0   0 167 255 255 255 255 255 255 255 255 255 119   0   0
  0   0   0  47  72  72  72  72  72  72  72  72  72  33   0   0
  0   0   0   0   0   0   0   0   0   0   0   0   0   0   0   0
  0   0   0   0   0   0   0   0   0   0   0   0   0   0   0   0
  0   0   0   0   0   0   0   0   0   0   0   0   0   0   0   0
  0   0   0   0   0   0   0   0   0   0   0   0   0   0   0   0
  0   0   0 110 167 167 167 167 167 167 167 167 167  78   0   0
  0   0   0 167 255 255 255 255 255 255 255 255 255 120   0   0
  0   0   0 167 255 255 255 255 255 255 255 255 255 120   0   0
  0   0   0 167 255 255 255 255 255 255 255 255 255 120   0   0
  0   0   0 167 255 252 253 254 254 254 255 255 255 120   0   0
  0   0   0 167 255 169 211 253 180 227 121 255 255 120   0   0
  0   0   0 167 255 115 232 228 203 243 206 255 255 120   0   0
  0   0   0 167 255 251 255 254 254 255 255 255 255 120   0   0
  0   0   0 167 255 255 255 255 255 255 255 255 255 120   0   0
  0   0   0 167 255 255 255 255 255 255 255 255 255 120   0   0
  0   0   0 167 255 255 255 255 255 255 255 255 255 119   0   0
  0   0   0  47  72  72  72  72  72  72  72  72  72  33   0   0
  0   0   0   0   0   0   0   0   0   0   0   0   0   0   0   0
  0   0   0   0   0   0   0   0   0   0   0   0   0   0   0   0
  0   0   0   0   0   0   0   0   0   0   0   0   0   0   0   0
  0   0   0   0   0   0   0   0   0   0   0   0   0   0   0   0
  0   0   0 110 167 167 167 167 167 167 167 167 167  78   0   0
  0   0   0 167 255 255 255 255 255 255 255 255 255 120   0   0
  0   0   0 167 255 255 255 255 255 255 255 255 255 120   0   0
  0   0   0 167 255 255 255 255 255 255 255 255 255 120   0   0
  0   0   0 167 255 255 255 255 255 255 255 255 255 120   0   0
  0   0   0 167 255 149 209 255 181 228 116 254 255 120   0   0
  0   0   0 167 255  79 204 222 219 245 202 249 255 120   0   0
  0   0   0 167 255 250 254 254 255 255 255 255 255 120   0   0
  0   0   0 167 255 255 255 255 255 255 255 255 255 120   0   0
  0   0   0 167 255 255 255 255 255 255 255 255 255 120   0   0
  0   0   0 167 255 255 255 255 255 255 255 255 255 119   0   0
  0   0   0  47  72  72  72  72  72  72  72  72  72  33   0   0
  0   0   0   0   0   0   0   0   0   0   0   0   0   0   0   0

  0   0   0   0   0   0   0   0   0   0   0   0   0   0   0   0
  0   0   0   2   3   3   3   3   3   3   3   3   3   3   1   0
  0   0   4  79 116 116 116 116 116 116 116 116 116 111  34   1
  0   0   9 169 248 248 248 248 248 247 247 248 248 238  73   1
  0   0   9 174 255 255 255 255 248 232 252 255 255 244  75   1
  0   0   9 174 255 255 255 254 189 180 236 255 255 244  75   1
  0   0   9 174 255 255 254 252 222 184 245 255 255 244  75   1
  0   0   9 174 255 255 254 253 213 189 243 255 255 244  75   1
  0   0   9 174 255 255 254 252 233 184 245 255 255 244  75   1
  0   0   9 174 255 255 254 253 197 179 245 255 255 244  75   1
  0   0   9 174 255 255 254 252 193 150 240 255 255 244  75   1
  0   0   9 174 255 255 254 254 252 250 254 255 255 244  75   1
  0   0   7 135 199 199 199 199 199 199 199 199 199 190  59   1
  0   0   1  29  43  43  43  43  43  43  43  43  43  41  13   0
  0   0   0   0   0   0   0   0   0   0   0   0   0   0   0   0
  0   0   0   0   0   0   0   0   0   0   0   0   0   0   0   0
  0   0   0   0   0   0   0   0   0   0   0   0   0   0   0   0
  0   0   0   2   3   3   3   3   3   3   3   3   3   3   1   0
  0   0   4  79 116 116 116 116 116 116 116 116 116 111  34   1
  0   0   9 169 248 248 248 248 248 247 247 248 248 238  73   1
  0   0   9 174 255 255 255 255 247 231 252 255 255 244  75   1
  0   0   9 174 255 255 254 254 190 185 236 255 255 244  75   1
  0   0   9 174 255 255 254 253 222 185 245 255 255 244  75   1
  0   0   9 174 255 255 254 253 214 192 244 255 255 244  75   1
  0   0   9 174 255 255 254 253 234 183 246 255 255 244  75   1
  0   0   9 174 255 255 254 254 198 174 245 255 255 244  75   1
  0   0   9 174 255 255 254 254 193 150 241 255 255 244  75   1
  0   0   9 174 255 255 254 254 253 252 254 255 255 244  75   1
  0   0   7 135 199 199 199 199 199 199 199 199 199 190  59   1
  0   0   1  29  43  43  43  43  43  43  43  43  43  41  13   0
  0   0   0   0   0   0   0   0   0   0   0   0   0   0   0   0
  0   0   0   0   0   0   0   0   0   0   0   0   0   0   0   0
  0   0   0   0   0   0   0   0   0   0   0   0   0   0   0   0
  0   0   0   2   3   3   3   3   3   3   3   3   3   3   1   0
  0   0   4  79 116 116 116 116 116 116 116 116 116 111  34   1
  0   0   9 169 248 248 248 248 247 247 247 248 248 238  73   1
  0   0   9 174 255 255 255 255 246 226 251 255 255 244  75   1
  0   0   9 174 255 255 254 254 189 185 237 255 255 244  75   1
  0   0   9 174 255 255 254 253 220 185 244 255 255 244  75   1
  0   0   9 174 255 255 254 253 213 192 243 255 255 244  75   1
  0   0   9 174 255 255 254 253 234 182 245 255 255 244  75   1
  0   0   9 174 255 255 254 254 198 172 244 255 255 244  75   1
  0   0   9 174 255 255 254 253 189 144 240 255 255 244  75   1
  0   0   9 174 255 255 255 254 253 252 254 255 255 244  75   1
  0   0   7 135 199 199 199 199 199 199 199 199 199 190  59   1
  0   0   1  29  43  43  43  43  43  43  43  43  43  41  13   0
  0   0   0   0   0   0   0   0   0   0   0   0   0   0   0   0
  0   0   0   0   0   0   0   0   0   0   0   0   0   0   0   0

  0   0   0   1   1   1   1   1   1   1   1   1   1   0   0   0
  0   0  39  80  82  82  82  82  82  82  82  82  62  12   0   0
  0   3 117 238 245 245 245 245 245 245 245 245 185  38   0   0
  0   3 123 248 255 255 255 255 255 255 255 255 193  39   0   0
  0   3 123 248 255 255 255 255 255 255 255 255 193  39   0   0
  0   3 123 248 250 234 243 241 243 243 237 253 193  39   0   0
  0   3 123 248 231 179 185 188 185 177 149 250 193  39   0   0
  0   3 123 248 248 193 222 216 233 198 196 251 193  39   0   0
  0   3 123 248 255 253 251 252 251 252 251 254 193  39   0   0
  0   3 123 248 255 254 253 254 253 253 253 254 193  39   0   0
  0   3 123 248 255 255 255 255 255 255 255 255 193  39   0   0
  0   3 123 248 255 255 255 255 255 255 255 255 193  39   0   0
  0   2  80 162 166 166 166 166 166 166 166 166 126  25   0   0
  0   0   3   8   8   8   8   8   8   8   8   8   6   1   0   0
  0   0   0   0   0   0   0   0   0   0   0   0   0   0   0   0
  0   0   0   0   0   0   0   0   0   0   0   0   0   0   0   0
  0   0   0   1   1   1   1   1   1   1   1   1   1   0   0   0
  0   0  39  80  82  82  82  82  82  82  82  82  62  12   0   0
  0   3 117 238 245 245 245 245 245 245 245 245 185  38   0   0
  0   3 123 248 255 255 255 255 255 255 255 255 193  39   0   0
  0   3 123 248 255 255 255 255 255 255 255 255 193  39   0   0
  0   3 123 248 250 235 242 242 243 242 238 254 193  39   0   0
  0   3 123 247 230 183 186 191 185 173 149 251 193  39   0   0
  0   3 123 248 247 194 222 216 235 199 196 252 193  39   0   0
  0   3 123 248 255 253 252 253 252 253 253 254 193  39   0   0
  0   3 123 248 255 254 254 254 253 254 254 254 193  39   0   0
  0   3 123 248 255 255 255 255 255 255 255 255 193  39   0   0
  0   3 123 248 255 255 255 255 255 255 255 255 193  39   0   0
  0   2  80 162 166 166 166 166 166 166 166 166 126  25   0   0
  0   0   3   8   8   8   8   8   8   8   8   8   6   1   0   0
  0   0   0   0   0   0   0   0   0   0   0   0   0   0   0   0
  0   0   0   0   0   0   0   0   0   0   0   0   0   0   0   0
  0   0   0   1   1   1   1   1   1   1   1   1   1   0   0   0
  0   0  39  80  82  82  82  82  82  82  82  82  62  12   0   0
  0   3 117 238 245 245 245 245 245 245 245 245 185  38   0   0
  0   3 123 248 255 255 255 255 255 255 255 255 193  39   0   0
  0   3 123 248 255 255 255 255 255 255 255 255 193  39   0   0
  0   3 123 248 250 235 242 241 242 241 236 254 193  39   0   0
  0   3 123 247 225 183 185 191 184 171 143 252 193  39   0   0
  0   3 123 247 246 193 221 215 234 199 192 253 193  39   0   0
  0   3 123 248 255 253 252 253 253 253 252 254 193  39   0   0
  0   3 123 248 255 254 254 253 253 254 253 254 193  39   0   0
  0   3 123 248 255 255 255 255 255 255 255 255 193  39   0   0
  0   3 123 248 255 255 255 255 255 255 255 255 193  39   0   0
  0   2  80 162 166 166 166 166 166 166 166 166 126  25   0   0
  0   0   3   8   8   8   8   8   8   8   8   8   6   1   0   0
  0   0   0   0   0   0   0   0   0   0   0   0   0   0   0   0
  0   0   0   0   0   0   0   0   0   0   0   0   0   0   0   0

  0   0   0   0   0   0   0   0   0   0   0   0   0   0   0   0
  0   0   0   0   0   0   0   0   0   0   0   0   0   0   0   0
  0  13  41  43  43  43  43  43  43  43  43  43  29   1   0   0
  1  59 190 199 199 199 199 199 199 199 199 199 135   7   0   0
  1  75 244 255 255 254 250 252 254 254 255 255 174   9   0   0
  1  75 244 255 255 240 150 193 252 254 255 255 174   9   0   0
  1  75 244 255 255 245 179 197 253 254 255 255 174   9   0   0
  1  75 244 255 255 245 184 233 252 254 255 255 174   9   0   0
  1  75 244 255 255 243 189 213 253 254 255 255 174   9   0   0
  1  75 244 255 255 245 184 222 252 254 255 255 174   9   0   0
  1  75 244 255 255 236 180 189 254 255 255 255 174   9   0   0
  1  75 244 255 255 252 232 248 255 255 255 255 174   9   0   0
  1  73 238 248 248 247 247 248 248 248 248 248 169   9   0   0
  1  34 111 116 116 116 116 116 116 116 116 116  79   4   0   0
  0   1   3   3   3   3   3   3   3   3   3   3   2   0   0   0
  0   0   0   0   0   0   0   0   0   0   0   0   0   0   0   0
  0   0   0   0   0   0   0   0   0   0   0   0   0   0   0   0
  0   0   0   0   0   0   0   0   0   0   0   0   0   0   0   0
  0  13  41  43  43  43  43  43  43  43  43  43  29   1   0   0
  1  59 190 199 199 199 199 199 199 199 199 199 135   7   0   0
  1  75 244 255 255 254 252 253 254 254 255 255 174   9   0   0
  1  75 244 255 255 241 150 193 254 254 255 255 174   9   0   0
  1  75 244 255 255 245 174 198 254 254 255 255 174   9   0   0
  1  75 244 255 255 246 183 234 253 254 255 255 174   9   0   0
  1  75 244 255 255 244 192 214 253 254 255 255 174   9   0   0
  1  75 244 255 255 245 185 222 253 254 255 255 174   9   0   0
  1  75 244 255 255 236 185 190 254 254 255 255 174   9   0   0
  1  75 244 255 255 252 231 247 255 255 255 255 174   9   0   0
  1  73 238 248 248 247 247 248 248 248 248 248 169   9   0   0
  1  34 111 116 116 116 116 116 116 116 116 116  79   4   0   0
  0   1   3   3   3   3   3   3   3   3   3   3   2   0   0   0
  0   0   0   0   0   0   0   0   0   0   0   0   0   0   0   0
  0   0   0   0   0   0   0   0   0   0   0   0   0   0   0   0
  0   0   0   0   0   0   0   0   0   0   0   0   0   0   0   0
  0  13  41  43  43  43  43  43  43  43  43  43  29   1   0   0
  1  59 190 199 199 199 199 199 199 199 199 199 135   7   0   0
  1  75 244 255 255 254 252 253 254 255 255 255 174   9   0   0
  1  75 244 255 255 240 144 189 253 254 255 255 174   9   0   0
  1  75 244 255 255 244 172 198 254 254 255 255 174   9   0   0
  1  75 244 255 255 245 182 234 253 254 255 255 174   9   0   0
  1  75 244 255 255 243 192 213 253 254 255 255 174   9   0   0
  1  75 244 255 255 244 185 220 253 254 255 255 174   9   0   0
  1  75 244 255 255 237 185 189 254 254 255 255 174   9   0   0
  1  75 244 255 255 251 226 246 255 255 255 255 174   9   0   0
  1  73 238 248 248 247 247 247 248 248 248 248 169   9   0   0
  1  34 111 116 116 116 116 116 116 116 116 116  79   4   0   0
  0   1   3   3   3   3   3   3   3   3   3   3   2   0   0   0
  0   0   0   0   0   0   0   0   0   0   0   0   0   0   0   0
